120.284924
240.537274
360.767908
480.987684
601.196602
721.394662
841.571006
961.736492
1081.880262
1202.024032
1322.156944
1442.26814
1562.368478
1682.457958
1802.53658
1922.604344
2042.672108
2162.718156
2282.764204
2402.799394
2522.834584
2642.858916
2762.87239
2882.885864
3002.899338
3122.912812
3242.915428
3362.918044
3482.92066
3602.912418
3722.915034
3842.91765
3962.920266
4082.922882
4202.925498
4322.938972
4442.952446
4562.96592
4682.979394
4803.014584
4923.049774
5043.095822
5163.131012
5283.198776
5403.26654
5523.334304
5643.423784
5763.513264
5883.62446
6003.746514
6123.879426
6244.023196
6364.177824
6484.34331
6604.530512
6724.73943
6844.959206
6965.18984
7085.431332
7205.69454
7325.979464
7446.275246
7566.592744
7686.931958
7807.271172
7927.653818
8048.047322
8168.451684
8288.877762
8409.325556
8529.784208
8650.275434
8770.788376
8891.312176
9011.86855
9132.435782
9253.013872
9373.635394
9494.256916
9614.900154
9735.575966
9856.273494
9976.98188
10097.711982
10218.452942
10339.237334
10460.021726
10580.827834
10701.655658