STARLINK-31337
1 58934U 24027D   24100.87641320  .00016763  00000+0  61652-3 0  9997
2 58934  53.1565 314.3635 0000235  54.9290 305.1731 15.28017889 10358
STARLINK-1011
1 44717U 19074E   24101.40927892 -.00003722  00000+0 -23103-3 0  9990
2 44717  53.0539 101.3199 0001311  86.9225 273.1914 15.06410679243399
STARLINK-2531
1 48483U 21040BH  24101.25308508  .00001271  00000+0  10421-3 0  9994
2 48483  53.0537  97.0200 0001398  90.9687 269.1462 15.06407166162353
STARLINK-2542
1 48292U 21036S   24101.34526215  .00002274  00000+0  17148-3 0  9991
2 48292  53.0547 336.7705 0001502  90.9785 269.1376 15.06406995163636
STARLINK-5598
1 55421U 23014AG  24101.18735308 -.00000151  00000+0 -48495-5 0  9993
2 55421  70.0006  45.6134 0002965 270.3305  89.7514 14.98328148 66933
STARLINK-1548
1 46054U 20055AD  24101.19641184  .00003781  00000+0  27245-3 0  9994
2 46054  53.0569  12.2742 0001750 100.6785 259.4401 15.06419000203216
STARLINK-30790
1 58127U 23162K   24101.01951102  .00010183  00000+0  76792-3 0  9990
2 58127  43.0040 329.3113 0001414 283.0253  77.0431 15.02531054 27200
STARLINK-31279
1 59086U 24041N   24101.55163862 -.00000313  00000+0 -21445-5 0  9992
2 59086  42.9953 287.1147 0001190 272.1570  87.9145 15.25901689  7633
STARLINK-2749
1 48429U 21040B   24101.12638619  .00000021  00000+0  20310-4 0  9990
2 48429  53.0561  52.5988 0001425  98.0062 262.1089 15.06392789162965
STARLINK-5625
1 55368U 23013AP  24100.76024222  .00000816  00000+0  75426-4 0  9990
2 55368  43.0026 124.9902 0001120 268.7061  91.3653 15.02549469 66728
STARLINK-31299
1 59080U 24041G   24101.58335648  .00126198  00000+0  72437-3 0  9995
2 59080  42.9989 279.1846 0006809 307.5984 157.6675 15.77611209  7712
STARLINK-4056
1 53242U 22086A   24101.20209061 -.00000259  00000+0  18067-5 0  9995
2 53242  53.2166  94.7415 0001404 112.4331 247.6810 15.08839110 95362
STARLINK-6259
1 57089U 23088AT  24100.88626447  .00001890  00000+0  15498-3 0  9999
2 57089  43.0045 291.3875 0001078 261.3310  98.7411 15.02535863 45405
STARLINK-4726
1 53802U 22111AF  24101.55489994 -.00000262  00000+0  16166-5 0  9991
2 53802  53.2158 158.0323 0001533  95.7344 264.3823 15.08839394 87610
STARLINK-3167
1 51460U 22010E   24101.38240897  .00001013  00000+0  81691-4 0  9993
2 51460  53.2166 173.9453 0000724 107.1084 252.9988 15.08837646121844
STARLINK-30249
1 57618U 23119S   24101.49269098  .00006525  00000+0  49747-3 0  9999
2 57618  43.0020 275.8747 0001447 274.2948  85.7729 15.02547026 37998
STARLINK-30970
1 58888U 24020N   24101.34215096  .00005034  00000+0  19429-3 0  9992
2 58888  53.1613 326.0044 0000862  86.2471 273.8628 15.28014559 12314
STARLINK-5431
1 54792U 22175AL  24100.98631059  .00000618  00000+0  56930-4 0  9993
2 54792  53.2185 300.3654 0001893  97.2502 262.8705 15.08839165 72285
STARLINK-31240
1 59041U 24038U   24100.76052701 -.00002405  00000+0 -82152-4 0  9995
2 59041  42.9988   6.6662 0000885 240.1795 119.8968 15.25904645  7950
STARLINK-3746
1 52268U 22041H   24101.11100891  .00000607  00000+0  56223-4 0  9995
2 52268  53.2196   5.0892 0001346  87.1088 273.0058 15.08833710110127
STARLINK-4466
1 53656U 22105J   24101.44286631 -.00000041  00000+0  14047-5 0  9993
2 53656  97.6567 343.2381 0000917 108.7733 251.3591 15.01263681 88754
STARLINK-30049
1 56294U 23056J   24100.83621015  .00000388  00000+0  43808-4 0  9990
2 56294  43.0042  47.9627 0001239 261.8223  98.2479 15.02532968 54891
STARLINK-5080
1 55437U 23014AY  24101.18527457  .00059467  00000+0  26669-2 0  9992
2 55437  69.9955  52.6392 0007436 228.4289 131.6245 15.20871463 65821
STARLINK-30979
1 58485U 23186N   24101.49149748 -.00000697  00000+0 -36561-4 0  9992
2 58485  43.0025 261.3310 0001415 277.3476  82.7206 15.02534176 20774
STARLINK-2458
1 48118U 21027AC  24101.16923416  .00001021  00000+0  87441-4 0  9995
2 48118  53.0568  47.3944 0001563  95.0489 265.0679 15.06406466167010
STARLINK-4027
1 52601U 22052D   24101.23152767  .00001727  00000+0  12657-3 0  9996
2 52601  53.2173 174.6252 0001523 105.6208 254.4952 15.08845083105781
STARLINK-3909
1 52452U 22049B   24100.89019882  .00002918  00000+0  20137-3 0  9992
2 52452  53.2166 326.0297 0001362  67.4814 292.6322 15.08838989106613
STARLINK-6085
1 57115U 23090Q   24100.73728133  .00002134  00000+0  17294-3 0  9999
2 57115  43.0045 112.4887 0001115 267.6841  92.3874 15.02540410 45273
STARLINK-31484
1 59005U 24036H   24101.31897275  .00004738  00000+0  18354-3 0  9999
2 59005  53.1598  80.9989 0001748  73.6908 286.4284 15.28035678  8487
STARLINK-30206
1 57295U 23096F   24101.21487294 -.00000109  00000+0  70063-5 0  9994
2 57295  43.0062  58.8805 0000947 266.9340  93.1394 15.02538430 41453
STARLINK-1394
1 45679U 20035Y   24101.27566757  .00000073  00000+0  23803-4 0  9993
2 45679  53.0544 311.9200 0001612  88.0034 272.1140 15.06397724213202
STARLINK-2258
1 47860U 21021A   24100.95084967  .00003978  00000+0  28570-3 0  9997
2 47860  53.0536 178.3776 0001423  95.1270 264.9882 15.06411936170252
STARLINK-3335
1 50806U 22001D   24101.31249198 -.00000040  00000+0  15553-4 0  9996
2 50806  53.2182  54.2558 0001394  95.5452 264.5699 15.08835803126380
STARLINK-30984
1 58480U 23186H   24100.85323763  .00002995  00000+0  23666-3 0  9999
2 58480  43.0006 264.2666 0001401 277.6277  82.4406 15.02540867 20730
STARLINK-3057
1 49139U 21082K   24101.57110663  .00000041  00000+0  11241-4 0  9993
2 49139  70.0004 214.6490 0002792 268.2641  91.8198 14.98333709142396
STARLINK-4544
1 53394U 22097G   24100.95410789  .00001190  00000+0  92885-4 0  9990
2 53394  53.2189  10.4767 0001834  83.5350 276.5851 15.08840216 93336
STARLINK-30158
1 57438U 23105J   24101.11096284  .00001766  00000+0  14573-3 0  9999
2 57438  43.0035  97.7509 0001284 265.0902  94.9794 15.02538509 40486
STARLINK-3991
1 52641U 22052AV  24101.44411047  .00001083  00000+0  86130-4 0  9995
2 52641  53.2181 153.8721 0001533  94.4082 265.7085 15.08841198106090
STARLINK-6193
1 56904U 23083AE  24101.17494181  .00001418  00000+0  12002-3 0  9994
2 56904  43.0037 264.4822 0001628 274.4163  85.6493 15.02535050 45948
STARLINK-2089
1 47372U 21005Z   24101.19093258 -.00004306  00000+0 -27037-3 0  9992
2 47372  53.0529 312.6170 0001833  76.0800 284.0393 15.06394424177827
STARLINK-3399
1 51121U 22005T   24101.50020870  .00001921  00000+0  13875-3 0  9998
2 51121  53.2158 183.4267 0001374  82.8103 277.3045 15.08849021124580
STARLINK-1903
1 46764U 20074AB  24101.35676201  .00003866  00000+0  27828-3 0  9990
2 46764  53.0536 231.5475 0001389  80.9948 279.1198 15.06402469191237
STARLINK-31051
1 58719U 24002Q   24101.53582854  .00002885  00000+0  22080-3 0  9993
2 58719  53.1580 156.6349 0001713  96.7543 263.3642 15.04934515 16060
STARLINK-31225
1 59040U 24038T   24101.43280095 -.00002010  00000+0 -67029-4 0  9996
2 59040  43.0020   0.4793 0002137 263.9013  96.1594 15.25890998  7972
STARLINK-30507
1 57982U 23151U   24100.51073515 -.00001928  00000+0 -12764-3 0  9991
2 57982  43.0014 191.0996 0001567 269.4142  90.6520 15.02540967 30382
STARLINK-2050
1 47357U 21005J   24101.31765270  .00000671  00000+0  63962-4 0  9996
2 47357  53.0552 317.1527 0001156  96.9302 263.1819 15.06397416178723
STARLINK-1816
1 46714U 20073AW  24100.83290371  .00004685  00000+0  33317-3 0  9996
2 46714  53.0530 138.9084 0001374  94.1141 266.0005 15.06403755191790
STARLINK-30997
1 58482U 23186K   24100.86988005  .00002253  00000+0  18175-3 0  9994
2 58482  43.0024 264.3665 0001454 279.7656  80.3022 15.02540056 20689
STARLINK-30291
1 57856U 23141S   24100.93683504  .00003634  00000+0  18791-3 0  9991
2 57856  53.1122 290.7015 0001322  73.8380 286.2760 15.18731285 33332
STARLINK-3341
1 50817U 22001Q   24101.21221803 -.00000293  00000+0 -32239-6 0  9993
2 50817  53.2194  64.7100 0001559  89.0959 271.0212 15.08836046126213
STARLINK-1337
1 45582U 20025BD  24101.05266631  .00005562  00000+0  39181-3 0  9992
2 45582  53.0553 332.9193 0001330  93.2601 266.8540 15.06416915219602
STARLINK-1614
1 46124U 20057H   24101.46917314  .00010818  00000+0  74361-3 0  9995
2 46124  53.0526 171.0532 0001335  73.0140 287.0995 15.06421319202057
STARLINK-2220
1 48570U 21041T   24101.51662679 -.00000133  00000+0  99480-5 0  9994
2 48570  53.0572  35.8354 0001459  85.4092 274.7064 15.06406622160226
STARLINK-31015
1 58521U 23191P   24101.56046745  .00001238  00000+0  10667-3 0  9998
2 58521  42.9980 299.5120 0000991 266.7512  93.3217 15.02536020 20394
STARLINK-30551
1 58083U 23160J   24101.51447394 -.00002740  00000+0 -18782-3 0  9994
2 58083  43.0006 273.9884 0001983 274.8445  85.2170 15.02542606 27907
STARLINK-3798
1 52371U 22045AS  24101.33276989  .00001038  00000+0  83279-4 0  9990
2 52371  53.2170  84.1757 0001364  96.9702 263.1446 15.08839407110482
STARLINK-30592
1 58102U 23161F   24101.39209839  .00000334  00000+0  24744-4 0  9994
2 58102  53.1125 167.3987 0001818  93.7445 266.3762 15.28009202 27400
STARLINK-5654
1 55366U 23013AM  24101.16798773 -.00000092  00000+0  82453-5 0  9998
2 55366  43.0023 122.8900 0001105 274.3205  85.7511 15.02536512 67214
STARLINK-5490
1 57254U 23094AN  24101.02754515  .00002090  00000+0  16974-3 0  9998
2 57254  43.0069 213.6048 0001857 267.9042  92.1588 15.02541749 42357
STARLINK-1682
1 46577U 20070AX  24101.19042807  .00001073  00000+0  90908-4 0  9997
2 46577  53.0557  57.3005 0001547  97.4185 262.6980 15.06401205194435
STARLINK-5610
1 57244U 23094AC  24101.32563971  .00009845  00000+0  74237-3 0  9995
2 57244  43.0027 212.4012 0001620 265.6861  94.3796 15.02558587 42421
STARLINK-5442
1 54784U 22175AC  24100.93111956 -.00002330  00000+0 -12836-3 0  9999
2 54784  53.2194 300.7308 0000903  93.3585 266.7510 15.08833770 72277
STARLINK-4165
1 53286U 22086AW  24101.20159008  .00000664  00000+0  59829-4 0  9997
2 53286  53.2177  79.4447 0001545  84.0523 276.0645 15.08844376 95586
STARLINK-30152
1 56828U 23079F   24100.93032979 -.00000081  00000+0  90463-5 0  9995
2 56828  43.0033 304.1691 0001383 270.2337  89.8346 15.02532630 47777
STARLINK-5855
1 55917U 23037D   24101.18682321  .00015275  00000+0  10045-2 0  9992
2 55917  70.0005 261.0416 0004013 236.1279 123.9504 15.07654435 59311
STARLINK-5675
1 55340U 23013K   24101.43693762 -.00072571  00000+0 -53857-2 0  9997
2 55340  43.0022 134.4820 0001147 266.9293  93.1418 15.02725465 67109
STARLINK-1735
1 46565U 20070AK  24101.13743760  .00005683  00000+0  39994-3 0  9992
2 46565  53.0550  52.5350 0001560  97.8251 262.2915 15.06415188194190
STARLINK-4213
1 52872U 22062AU  24100.86862360  .00000634  00000+0  57908-4 0  9997
2 52872  53.2156 271.2204 0001447  88.8282 271.2876 15.08844127100563
STARLINK-5485
1 57261U 23094AV  24100.75138996  .00001238  00000+0  10671-3 0  9995
2 57261  43.0050 227.9820 0001126 268.9403  91.1311 15.02535872 41983
STARLINK-4616
1 53734U 22107AL  24101.12895875  .00004691  00000+0  31254-3 0  9994
2 53734  53.2154 150.1554 0001191  94.9522 265.1606 15.08849684 88496
STARLINK-5614
1 55756U 23028R   24101.57305634  .00001103  00000+0  10017-3 0  9990
2 55756  70.0007 204.4697 0003362 268.5049  91.5725 14.98339715 61471
STARLINK-3282
1 50177U 21125X   24101.52869605  .00014542  00000+0  92932-3 0  9993
2 50177  53.2147 143.2842 0001377  83.8669 276.2480 15.08862348130712
STARLINK-30907
1 58352U 23177B   24101.22870598  .00002703  00000+0  21506-3 0  9990
2 58352  43.0007 187.2890 0001255 288.3439  71.7267 15.02545665 23154
STARLINK-31555
1 59351U 24060D   24101.58335648 -.00972408  00000+0 -59852-2 0  9997
2 59351  43.0012 283.6031 0001440 266.6928 357.0154 15.78836934  2861
STARLINK-2454
1 48116U 21027AA  24101.18581210  .00001498  00000+0  11944-3 0  9999
2 48116  53.0542  67.3202 0001451  89.5586 270.5570 15.06410878166732
STARLINK-3198
1 49763U 21115AR  24101.52776240  .00001278  00000+0  98349-4 0  9994
2 49763  53.2200  33.2888 0001382  74.7491 285.3654 15.08854225131391
STARLINK-6359
1 57346U 23099U   24101.35604129  .00002149  00000+0  17416-3 0  9993
2 57346  43.0034  83.1269 0001191 272.0414  88.0292 15.02531563 41816
STARLINK-2145
1 48555U 21041C   24101.54613778  .00001965  00000+0  15079-3 0  9999
2 48555  53.0567  35.7037 0001619  85.6622 274.4552 15.06395399160282
STARLINK-31126
1 58675U 23211J   24100.91846745  .00000463  00000+0  27522-4 0  9995
2 58675  43.0050  65.8034 0000659 249.0938 110.9843 15.25917453 16832
STARLINK-4591
1 53607U 22104V   24101.38242266 -.00000653  00000+0 -22956-4 0  9994
2 53607  53.2168 133.9987 0001468  90.2575 269.8585 15.08834766 89575
STARLINK-6066
1 56105U 23046N   24101.14085424  .00000689  00000+0  66060-4 0  9992
2 56105  43.0060 354.5376 0001294 264.2772  95.7923 15.02535341 57524
STARLINK-3735
1 52116U 22029AE  24101.04385492  .00000274  00000+0  35288-4 0  9995
2 52116  53.2189 335.4627 0001361  68.0818 292.0319 15.08841083115312
STARLINK-1932
1 46770U 20074AH  24101.37893176  .00000702  00000+0  66007-4 0  9990
2 46770  53.0550 232.0065 0001240  84.9283 275.1847 15.06408419191220
STARLINK-1748
1 46570U 20070AQ  24100.92401965  .00026514  00000+0  72126-3 0  9992
2 46570  53.0271 341.6897 0003356 154.8113 205.3053 15.37367766195486
STARLINK-1335
1 45581U 20025BC  24101.36229161 -.00000058  00000+0  14980-4 0  9999
2 45581  53.0554 331.5299 0001563  88.5412 271.5756 15.06400041219659
STARLINK-30834
1 58151U 23166B   24101.58335648 -.00136853  00000+0 -50089-2 0  9999
2 58151  53.0887 220.2128 0001316  87.8285 326.1352 15.28088468 26324
STARLINK-4670
1 53744U 22107AW  24101.55118470  .00000517  00000+0  50582-4 0  9990
2 53744  53.2172 157.8078 0001500  98.9826 261.1336 15.08844967 88425
STARLINK-3250
1 49749U 21115AB  24101.22974925 -.00002096  00000+0 -11355-3 0  9997
2 49749  53.2199  44.8693 0001508  87.6648 272.4517 15.08862167131198
STARLINK-4253
1 53004U 22076U   24101.11055221  .00000013  00000+0  18937-4 0  9999
2 53004  53.2185 350.1637 0001351  82.4326 277.6820 15.08839886 97855
STARLINK-30316
1 57673U 23124L   24100.69868741  .00007710  00000+0  38145-3 0  9994
2 57673  53.1095 216.1304 0001147  80.0691 280.0434 15.18735516 36515
STARLINK-1279
1 45360U 20019A   24101.50419087 -.00000444  00000+0 -10914-4 0  9994
2 45360  53.0555  30.8904 0001183  87.9697 272.1427 15.06402353224907
STARLINK-3687
1 52110U 22029Y   24100.92977268  .00001898  00000+0  13733-3 0  9996
2 52110  53.2181 335.9752 0001661  97.4709 262.6472 15.08840601115295
STARLINK-5913
1 55937U 23037Z   24101.14377628 -.00000126  00000+0 -27919-5 0  9993
2 55937  70.0010 245.7806 0003173 269.2780  90.8015 14.98332169 59686
STARLINK-1956
1 47557U 21009K   24101.56640375 -.00000623  00000+0 -22929-4 0  9994
2 47557  53.0518 295.6117 0001804  91.0039 269.1157 15.06393576175894
STARLINK-31072
1 58599U 23200L   24101.11285398  .00084493  00000+0  30410-2 0  9995
2 58599  43.0052 358.1504 0005075 258.2854 101.7429 15.27614240 18622
STARLINK-3219
1 49724U 21115A   24101.21776200  .00000921  00000+0  75977-4 0  9999
2 49724  53.2206  44.9047 0001555 100.6041 259.5126 15.08839053131199
STARLINK-2133
1 47406U 21005BK  24101.53046665  .00000036  00000+0  21277-4 0  9993
2 47406  53.0513 285.7721 0001249  86.5594 273.5538 15.06393558178852
STARLINK-1066
1 44954U 20001AS  24101.00566610  .00006201  00000+0  43469-3 0  9998
2 44954  53.0539 203.1324 0000477 120.4296 239.6740 15.06407774235046
STARLINK-6062
1 56104U 23046M   24101.42008019  .00002241  00000+0  18090-3 0  9992
2 56104  43.0048 353.1936 0001318 263.7688  96.3004 15.02540299 57562
STARLINK-5291
1 55273U 23010E   24101.16023337  .00000916  00000+0  82850-4 0  9993
2 55273  70.0013   5.6737 0002818 266.2480  93.8357 14.99141233 67836
