STARLINK-30604
1 58075U 23160A   24100.86967584 -.00000062  00000+0  10464-4 0  9994
2 58075  43.0050 277.7563 0001881 264.0920  95.9708 15.02536089 27766
STARLINK-3512
1 51743U 22016AF  24100.68043805  .00003327  00000+0  22694-3 0  9992
2 51743  53.2165 207.0184 0001486  81.3814 278.7346 15.08850623118173
STARLINK-3655
1 51983U 22025AD  24101.23521043  .00018314  00000+0  11338-2 0  9999
2 51983  53.2164 294.5277 0000050 183.0534 177.0458 15.09859082116731
STARLINK-3192
1 49767U 21115AV  24100.81385245  .00002834  00000+0  19604-3 0  9995
2 49767  53.2187  36.4958 0001486  88.4253 271.6909 15.08844033130177
STARLINK-6316
1 57335U 23099H   24101.32175075 -.00000065  00000+0  10292-4 0  9993
2 57335  43.0041  83.7320 0001369 265.4106  94.6580 15.02535547 41805
STARLINK-2655
1 48449U 21040X   24101.21810983 -.00003662  00000+0 -22729-3 0  9999
2 48449  53.0550  77.1744 0001222  84.0874 276.0255 15.06364351162636
STARLINK-3742
1 52303U 22041AU  24101.42472844  .00000671  00000+0  60240-4 0  9994
2 52303  53.2201 353.7514 0001386  80.9241 279.1908 15.08849488110315
STARLINK-30792
1 58220U 23170Q   24101.21055968  .00002578  00000+0  20581-3 0  9994
2 58220  43.0035  30.9454 0001144 267.9136  92.1575 15.02546792 25235
STARLINK-3844
1 52705U 22053BB  24100.51439227  .00000756  00000+0  65560-4 0  9994
2 52705  53.2195  32.8406 0001361  93.3918 266.7230 15.08839879105339
STARLINK-1867
1 47153U 20088AH  24101.56964867  .00011156  00000+0  76607-3 0  9999
2 47153  53.0553 200.8416 0001308  84.2704 275.8434 15.06427428186794
STARLINK-5581
1 55373U 23013AU  24100.84951322  .00001006  00000+0  89521-4 0  9998
2 55373  43.0033 150.7921 0001317 269.2277  90.8415 15.02536144 66437
STARLINK-4496
1 53412U 22097AA  24100.46839270  .00002524  00000+0  17659-3 0  9994
2 53412  53.2187  13.0444 0001418  80.4279 279.6873 15.08842161 93092
STARLINK-5828
1 57070U 23088Y   24101.20878501  .00000770  00000+0  72048-4 0  9997
2 57070  43.0023 290.3724 0001487 273.2205  86.8467 15.02534282 44549
STARLINK-5264
1 54206U 22141BB  24101.33823622 -.00000470  00000+0 -11457-4 0  9998
2 54206  53.2121 213.9782 0000857  67.9017 292.2066 15.08837097 81290
STARLINK-2409
1 47824U 21018AP  24101.42172126  .00001430  00000+0  11488-3 0  9992
2 47824  53.0543 146.2620 0001308  80.0947 280.0190 15.06400840171016
STARLINK-30206
1 57295U 23096F   24101.21487294 -.00000109  00000+0  70063-5 0  9994
2 57295  43.0062  58.8805 0000947 266.9340  93.1394 15.02538430 41453
STARLINK-2231
1 48577U 21041AA  24101.51759089  .00002181  00000+0  16525-3 0  9994
2 48577  53.0551  26.0995 0001795  84.0838 276.0356 15.06402830160416
STARLINK-5146
1 54073U 22136Y   24100.75493120  .00001138  00000+0  89550-4 0  9994
2 54073  53.2180 236.4208 0001541  93.0428 267.0741 15.08842375 81405
STARLINK-4282
1 53019U 22076AK  24101.04155603 -.00000221  00000+0  41792-5 0  9990
2 53019  53.2179 340.4761 0001399  96.5603 263.5549 15.08836596 97981
STARLINK-4552
1 53420U 22097AJ  24100.77383320  .00000724  00000+0  63562-4 0  9992
2 53420  53.2200  11.6757 0001430  91.6429 268.4727 15.08836964 93114
STARLINK-1579
1 46083U 20055BJ  24100.95036224  .00003821  00000+0  27520-3 0  9993
2 46083  53.0552 353.3696 0001475  95.4369 264.6789 15.06413534203987
STARLINK-5109
1 54002U 22125AQ  24101.16664637 -.00000394  00000+0 -66463-5 0  9997
2 54002  53.2187  99.6485 0001612 100.0079 260.1096 15.08832685 84201
STARLINK-4652
1 53736U 22107AN  24100.87505470  .00003404  00000+0  23184-3 0  9990
2 53736  53.2165 151.4083 0001334  93.7289 266.3855 15.08846962 89088
STARLINK-6235
1 57094U 23088AY  24100.88182250  .00000932  00000+0  84085-4 0  9999
2 57094  43.0037 291.3518 0001140 271.6642  88.4070 15.02538827 45408
STARLINK-30039
1 57468U 23107M   24101.53141312  .00007464  00000+0  56695-3 0  9995
2 57468  43.0034 172.4412 0001291 259.8572 100.2125 15.02538434 39972
STARLINK-1983
1 47630U 21012L   24100.85041055  .00002149  00000+0  16309-3 0  9998
2 47630  53.0547 308.9151 0001395  85.5246 274.5903 15.06407866174916
STARLINK-5885
1 56352U 23058AM  24100.98062729  .00000956  00000+0  79003-4 0  9991
2 56352  97.6549 102.8212 0001690 181.8731 178.2487 15.01254228 52817
STARLINK-1417
1 45693U 20035AN  24101.31621313  .00000089  00000+0  24841-4 0  9994
2 45693  53.0561 311.7375 0001150  88.0735 272.0386 15.06396731213201
STARLINK-30425
1 57850U 23141L   24101.53751778  .00826004  00000+0  31134-1 0  9999
2 57850  53.0842 287.2848 0007386 123.5810 236.5893 15.23889121 33431
STARLINK-30141
1 57620U 23119U   24101.54803611  .00004471  00000+0  34563-3 0  9991
2 57620  43.0034 275.4321 0001795 278.5964  81.4675 15.02562640 38006
STARLINK-4085
1 53262U 22086W   24100.77751025  .00000940  00000+0  77148-4 0  9990
2 53262  53.2159  91.6563 0001324  91.2379 268.8765 15.08839330 95552
STARLINK-30177
1 57305U 23096R   24100.90236136 -.00001023  00000+0 -60680-4 0  9998
2 57305  43.0035  60.0023 0000033  90.2325 269.8521 15.02524474 41401
STARLINK-4258
1 53180U 22083BA  24101.46475176  .00000574  00000+0  54187-4 0  9994
2 53180  53.2189  18.4425 0001338  87.1212 272.9933 15.08832577 97149
STARLINK-3813
1 52482U 22049AH  24101.13862397  .00000163  00000+0  28354-4 0  9990
2 52482  53.2182 305.0375 0001477  69.1380 290.9770 15.08830786107090
STARLINK-2701
1 48656U 21044U   24101.50004853 -.00000829  00000+0 -36726-4 0  9991
2 48656  53.0558  15.9097 0002589  91.5197 268.6089 15.06406301159318
STARLINK-2209
1 47776U 21017BG  24101.21899045  .00001836  00000+0  14213-3 0  9999
2 47776  53.0539 107.1708 0001254  94.7543 265.3589 15.06403892171821
STARLINK-5434
1 54849U 22177AF  24100.81893863  .00000143  00000+0  25618-4 0  9995
2 54849  43.0044 330.2231 0001120 268.3795  91.6919 15.02540701 71834
STARLINK-5184
1 54087U 22136AN  24101.08475089  .00000358  00000+0  40568-4 0  9999
2 54087  53.2170 229.9216 0001778  77.4865 282.6326 15.08839620 81993
STARLINK-5566
1 56133U 23046AT  24101.01814641  .00002014  00000+0  16415-3 0  9992
2 56133  43.0037 342.3555 0001420 263.0639  97.0042 15.02535307 57656
STARLINK-5049
1 57246U 23094AE  24101.03420829  .00000469  00000+0  49780-4 0  9998
2 57246  43.0028 213.6559 0000987 279.4701  80.6030 15.02534721 42359
STARLINK-2487
1 48144U 21027BE  24100.87804479  .00002704  00000+0  20029-3 0  9995
2 48144  53.0539  48.7000 0001382  93.2036 266.9111 15.06413367167369
STARLINK-2111
1 47390U 21005AT  24100.88265873  .00007974  00000+0  55353-3 0  9995
2 47390  53.0538 318.6819 0001492  94.2103 265.9056 15.06406134177716
STARLINK-31281
1 59077U 24041D   24101.20865521  .00000357  00000+0  23495-4 0  9997
2 59077  42.9958 289.7134 0001914 279.6617  80.4018 15.25898935  7579
STARLINK-31039
1 58784U 24011V   24100.80987671 -.00000964  00000+0 -48020-4 0  9991
2 58784  53.1574 298.4078 0000924  73.9277 286.1814 15.04928133 14435
STARLINK-5966
1 56919U 23083AV  24100.83034541  .00000581  00000+0  58064-4 0  9991
2 56919  43.0047 266.1971 0001563 273.0718  86.9946 15.02531164 46690
STARLINK-31165
1 58748U 24005W   24100.61172608  .00001087  00000+0  95517-4 0  9997
2 58748  43.0037  60.0946 0001280 270.0255  90.0441 15.02545834 15267
STARLINK-3889
1 52331U 22045A   24101.27845111 -.00000329  00000+0 -25957-5 0  9992
2 52331  53.2168 104.4097 0001420  97.3966 262.7188 15.08841466110204
STARLINK-5337
1 55284U 23010R   24101.47061386  .00002409  00000+0  20967-3 0  9994
2 55284  70.0008   4.7451 0002704 271.5217  88.5632 14.98324086 67897
STARLINK-30170
1 57431U 23105B   24101.39352595  .00000726  00000+0  68807-4 0  9997
2 57431  43.0054  96.4304 0001211 260.5110  99.5596 15.02533541 40527
STARLINK-31344
1 59171U 24044V   24101.13595611 -.00000759  00000+0 -19209-4 0  9993
2 59171  43.0023  86.6856 0000402 253.1318 106.9489 15.25902097  6828
STARLINK-30157
1 57512U 23113T   24101.20534124  .00003285  00000+0  25806-3 0  9990
2 57512  43.0017 186.6954 0001475 274.7288  85.3386 15.02543504 38891
STARLINK-30200
1 57306U 23096S   24100.90678362  .00000854  00000+0  78299-4 0  9994
2 57306  43.0052  60.0273 0001420 279.1135  80.9546 15.02541242 41609
STARLINK-3605
1 51805U 22017AP  24101.32262546  .00001653  00000+0  12195-3 0  9994
2 51805  53.2217 224.2904 0002287  88.3157 271.8097 15.08846984118811
STARLINK-4547
1 53573U 22101AY  24100.96333551  .00000617  00000+0  56834-4 0  9994
2 53573  53.2171 310.6559 0001589  89.9360 270.1814 15.08843497 90967
STARLINK-30403
1 57813U 23138F   24101.13812313  .00001818  00000+0  14966-3 0  9997
2 57813  43.0047  71.9835 0001068 251.5602 108.5124 15.02533135 33525
STARLINK-3776
1 52288U 22041AD  24101.39530141  .00000157  00000+0  27957-4 0  9994
2 52288  53.2183 353.8884 0001247  88.1556 271.9579 15.08825675110307
STARLINK-3372
1 51113U 22005K   24101.51765330  .00000196  00000+0  30388-4 0  9999
2 51113  53.2179 183.3365 0001189  90.8878 269.2250 15.08839255124580
STARLINK-1964
1 47565U 21009T   24101.45858619  .00000443  00000+0  48647-4 0  9996
2 47565  53.0490 266.0954 0002187  90.4618 269.6622 15.06392329176308
STARLINK-4261
1 52868U 22062AQ  24101.22371985  .00000984  00000+0  79934-4 0  9992
2 52868  53.2161 279.6856 0001737  82.8777 277.2413 15.08840271100978
STARLINK-30363
1 57744U 23131N   24100.88939937  .00005800  00000+0  44391-3 0  9996
2 57744  43.0058 356.3369 0002479 230.0567 130.0058 15.02553181 34958
STARLINK-3706
1 52105U 22029T   24100.93072988  .00000825  00000+0  69950-4 0  9998
2 52105  53.2185 335.9677 0001322 101.9448 258.1692 15.08837460115297
STARLINK-4125
1 53244U 22086C   24101.26603570  .00000541  00000+0  52047-4 0  9994
2 53244  53.2160  99.5408 0001346  90.7367 269.3779 15.08845825 95304
STARLINK-4353
1 53214U 22084AB  24101.43268601  .00002010  00000+0  16097-3 0  9997
2 53214  97.6533 163.2362 0001758  91.3693 268.7733 15.01267709 94934
STARLINK-30267
1 57663U 23124A   24101.03368846  .00007600  00000+0  28680-3 0  9994
2 57663  53.1142 213.2512 0002800  85.7364 274.3955 15.28014247 36440
STARLINK-3618
1 51998U 22025AU  24100.86537525  .00001175  00000+0  91912-4 0  9990
2 51998  53.2155 276.2641 0001466  84.5420 275.5739 15.08838114116930
STARLINK-1413
1 45689U 20035AJ  24101.31990176  .00004368  00000+0  31206-3 0  9991
2 45689  53.0536 311.7195 0001334  89.9490 270.1652 15.06390284213202
STARLINK-5715
1 55613U 23020AW  24101.51010285  .00000510  00000+0  52831-4 0  9995
2 55613  43.0061 185.4932 0001403 273.5033  86.5649 15.02532855 64047
STARLINK-4512
1 53398U 22097L   24101.17770997 -.00001678  00000+0 -87388-4 0  9994
2 53398  53.2197  19.8608 0001262  75.2502 284.8630 15.08835040 92579
STARLINK-4077
1 53154U 22083Y   24100.30923129  .00001101  00000+0  87232-4 0  9997
2 53154  53.2194  63.7567 0001505 102.8623 257.2537 15.08837674 95779
STARLINK-2477
1 48322U 21036AY  24101.40974294  .00007625  00000+0  53023-3 0  9993
2 48322  53.0553 356.3144 0001517  84.1334 275.9828 15.06399215163377
STARLINK-30891
1 58367U 23177S   24101.52779889  .00001037  00000+0  91827-4 0  9993
2 58367  43.0009 185.2374 0001200 275.0993  84.9712 15.02539461 23041
STARLINK-4260
1 52986U 22076A   24101.40863219 -.00003402  00000+0 -19572-3 0  9995
2 52986  53.2189 348.8252 0001284  75.3973 284.7161 15.08852029 97893
STARLINK-30837
1 58212U 23170G   24101.51643227  .00000320  00000+0  38778-4 0  9990
2 58212  43.0067  29.7843 0000893 275.1100  84.9640 15.02534930 25289
STARLINK-31554
1 59195U 24045T   24100.91667824  .00042777  00000+0  10256-2 0  9996
2 59195  42.9997 113.9228 0001166 262.5462 245.8023 15.40699199  5998
STARLINK-4618
1 53735U 22107AM  24101.17217189  .00000605  00000+0  56091-4 0  9994
2 53735  53.2155 159.6990 0001739  95.8243 264.2947 15.08837567 88365
STARLINK-2593
1 48404U 21038BD  24101.36550669  .00001228  00000+0  10133-3 0  9995
2 48404  53.0561 236.5139 0000928  97.7187 262.3908 15.06403442162647
STARLINK-4121
1 53002U 22076S   24101.11791308  .00002745  00000+0  19049-3 0  9998
2 53002  53.2186 350.1337 0001357  88.6047 271.5100 15.08844584 97850
STARLINK-2371
1 47911U 21021BD  24101.40562410  .00009184  00000+0  63428-3 0  9995
2 47911  53.0538 181.5774 0001437  73.5779 286.5368 15.06419906170573
STARLINK-30213
1 57504U 23113K   24101.34119299 -.00000080  00000+0  91793-5 0  9999
2 57504  43.0033 212.5304 0000891 273.7040  86.3700 15.02533005 38609
STARLINK-30429
1 57876U 23144N   24101.42948949  .00001384  00000+0  11750-3 0  9996
2 57876  43.0034 121.6685 0001112 279.1996  80.8720 15.02542207 32587
STARLINK-2181
1 47763U 21017AT  24101.18351430  .00001632  00000+0  12839-3 0  9998
2 47763  53.0540 112.3316 0001562  89.9487 270.1681 15.06403284171740
STARLINK-6303
1 56393U 23061V   24101.50227795  .00004302  00000+0  33327-3 0  9992
2 56393  43.0054  30.8274 0001370 266.4083  93.6603 15.02547616 52021
STARLINK-3882
1 52475U 22049AA  24101.55722687  .00002657  00000+0  18488-3 0  9991
2 52475  53.2165 313.3824 0001879  96.4576 263.6630 15.08857831107014
STARLINK-31142
1 58779U 24011Q   24101.55758266  .00000179  00000+0  31869-4 0  9993
2 58779  53.1589 295.2506 0000876  87.5595 272.5495 15.04920352 14525
STARLINK-1356
1 45564U 20025AK  24101.37242720  .00003791  00000+0  27324-3 0  9998
2 45564  53.0558 341.4824 0001684  84.6224 275.4957 15.06402714219510
STARLINK-2149
1 47738U 21017S   24100.25001157  .00582461  14933-3  15245-2 0  9996
2 47738  53.0456  27.2192 0007860 147.3941 315.4542 15.94295819172857
STARLINK-5428
1 54800U 22175AU  24100.26964193  .00001324  00000+0  10128-3 0  9995
2 54800  53.2164 293.7108 0001394  83.8608 276.2543 15.08843185 72315
STARLINK-1398
1 45699U 20035AU  24101.54659227  .00000032  00000+0  21049-4 0  9995
2 45699  53.0594 290.7002 0001336  91.7799 268.3343 15.06386474213566
STARLINK-1177
1 45078U 20006AL  24101.16415731  .00009920  00000+0  68348-3 0  9999
2 45078  53.0526 162.4208 0001246 101.0041 259.1089 15.06422098231445
STARLINK-3700
1 51956U 22025A   24100.92952020  .00000947  00000+0  79179-4 0  9999
2 51956  53.0474 282.3351 0000897  81.2051 278.9040 15.08030196115679
STARLINK-2003
1 47598U 21009BC  24101.46965073 -.00000148  00000+0  89328-5 0  9991
2 47598  53.0527 266.0431 0001252  95.7166 264.3965 15.06388693176315
STARLINK-30378
1 57787U 23134S   24100.85967706 -.00003369  00000+0 -23439-3 0  9998
2 57787  43.0050  34.3576 0001104 264.3268  95.7448 15.02548888 34354
STARLINK-30393
1 57866U 23144C   24101.39952758  .00000473  00000+0  50058-4 0  9997
2 57866  43.0032 121.4436 0000841 266.2405  93.8341 15.02537500 32523
STARLINK-4563
1 53561U 22101AL  24100.88147297 -.00000442  00000+0 -96642-5 0  9992
2 53561  53.2179 321.1918 0001436  91.1909 268.9248 15.08842282 90814
STARLINK-30126
1 56694U 23067G   24101.38325101  .00004047  00000+0  31438-3 0  9995
2 56694  43.0014 109.1193 0001354 268.2868  91.7819 15.02547171 49765
STARLINK-5122
1 54179U 22141Y   24101.15196263 -.00000935  00000+0 -40667-4 0  9992
2 54179  53.2168 259.8698 0001985  82.1497 277.9720 15.08821453 80632
STARLINK-3052
1 49165U 21082AM  24101.16266835 -.00000026  00000+0  56370-5 0  9997
2 49165  70.0005 255.7005 0003047 270.9635  89.1175 14.98330290142556
STARLINK-1106
1 44923U 20001K   24101.27617875  .00013862  00000+0  55785-3 0  9998
2 44923  53.0255 206.9111 0003761 345.8703  14.2188 15.25169777235072
STARLINK-31185
1 58788U 24012B   24100.83484275 -.00003363  00000+0 -11881-3 0  9991
2 58788  43.0007 145.2580 0001341 274.7959  85.2739 15.25897785 14432
STARLINK-2674
1 48354U 21038B   24100.70020104 -.00000335  00000+0 -36260-5 0  9993
2 48354  53.0574 259.5008 0001411  90.9712 269.1438 15.06397348161674
