STARLINK-1112
1 44925U 20001M   24101.13099595  .00001684  00000+0  13189-3 0  9999
2 44925  53.0541 242.5666 0001509  82.6674 277.4486 15.06402960234553
STARLINK-3230
1 50845U 22001AU  24101.34008947 -.00000082  00000+0  12913-4 0  9990
2 50845  53.2189  74.1298 0001485  96.4147 263.7014 15.08841367126074
STARLINK-6249
1 56541U 23065AQ  24100.86472083  .00002138  00000+0  17326-3 0  9997
2 56541  43.0046  60.5491 0001192 268.1440  91.9265 15.02539875 51354
STARLINK-30198
1 57290U 23096A   24101.14506512  .00000847  00000+0  77733-4 0  9994
2 57290  43.0037  59.2511 0001068 276.8837  83.1883 15.02539216 41438
STARLINK-6344
1 56520U 23065T   24101.19627431  .00002862  00000+0  22688-3 0  9991
2 56520  43.0055  45.7178 0001268 240.2932 119.7784 15.02536809 50773
STARLINK-4313
1 53064U 22077X   24101.49809892 -.00000255  00000+0 -15271-4 0  9996
2 53064  97.6543 283.3138 0002558  48.0361 312.1081 15.01259060 96745
STARLINK-4523
1 53389U 22097B   24100.94955568  .00000021  00000+0  19385-4 0  9998
2 53389  53.2196  20.8882 0001431  99.8712 260.2442 15.08836810 93180
STARLINK-4270
1 52863U 22062AK  24100.89987604  .00003120  00000+0  21415-3 0  9995
2 52863  53.2186 281.1113 0001540  90.3030 269.8139 15.08820014100438
STARLINK-30292
1 57844U 23141E   24101.52349135  .00002477  00000+0  13300-3 0  9998
2 57844  53.1105 287.9619 0001099  95.5862 264.5259 15.18715528 33429
STARLINK-5354
1 57140U 23090AR  24100.69658749  .00001441  00000+0  12169-3 0  9993
2 57140  43.0041 100.0204 0001260 272.1601  87.9097 15.02537295 44272
STARLINK-4791
1 53936U 22119BC  24101.54982727 -.00000119  00000+0  10613-4 0  9999
2 53936  53.2172 192.9305 0001389 101.7580 258.3568 15.08830793 86229
STARLINK-3337
1 50826U 22001Z   24101.17075487  .00058595  00000+0  24734-2 0  9996
2 50826  53.2162  57.3625 0002940  90.1029 270.0306 15.22740231126347
STARLINK-3593
1 51896U 22022AW  24100.72372384  .00000135  00000+0  26554-4 0  9994
2 51896  53.2150 257.1168 0001327  93.3437 266.7707 15.08832069117779
STARLINK-1277
1 45369U 20019K   24101.21171692  .00002524  00000+0  19225-3 0  9990
2 45369  53.0552  62.4999 0001475  85.2597 274.8560 15.05592222224453
STARLINK-31463
1 59296U 24056A   24101.50001157 -.00060447  00000+0 -41437-3 0  9999
2 59296  43.0011 259.6763 0001443 260.2193 142.3636 15.73836817  3855
STARLINK-3743
1 52118U 22029AG  24101.36768892  .00001086  00000+0  86280-4 0  9991
2 52118  53.2190 334.0133 0001326  85.1751 274.9393 15.08849024115369
STARLINK-1572
1 46060U 20055AK  24101.48392117  .00003242  00000+0  23634-3 0  9992
2 46060  53.0556  10.9836 0001605  85.8327 274.2845 15.06413686203269
STARLINK-6329
1 56525U 23065Y   24100.89815958  .00000141  00000+0  25521-4 0  9993
2 56525  43.0050  46.9324 0001198 268.3855  91.6850 15.02539972 50738
STARLINK-31551
1 59191U 24045P   24101.50701619  .00004639  00000+0  11818-3 0  9990
2 59191  43.0009 110.9758 0001363 249.0234 111.0477 15.40714668  5975
STARLINK-5268
1 54192U 22141AM  24101.39940218  .00005303  00000+0  35103-3 0  9990
2 54192  53.2138 248.5945 0002086  82.6418 277.4811 15.08839446 80812
STARLINK-5859
1 55915U 23037B   24101.43191289 -.00000321  00000+0 -19095-4 0  9990
2 55915  69.9986 265.0596 0002972 271.6863  88.3956 14.98328856 59232
STARLINK-3683
1 53167U 22083AM  24100.87181141 -.00000754  00000+0 -29314-4 0  9995
2 53167  53.2199  46.2252 0001559  95.0593 265.0577 15.08835825 96063
STARLINK-1739
1 46363U 20062AQ  24100.34079205  .00002270  00000+0  17128-3 0  9991
2 46363  53.0523 231.1021 0001334  87.4148 272.6993 15.06396606199532
STARLINK-5049
1 57246U 23094AE  24101.03420829  .00000469  00000+0  49780-4 0  9998
2 57246  43.0028 213.6559 0000987 279.4701  80.6030 15.02534721 42359
STARLINK-2511
1 48332U 21036BJ  24101.44198063  .00003481  00000+0  25244-3 0  9990
2 48332  53.0540 356.1712 0001417  80.0036 280.1112 15.06401189163385
STARLINK-3818
1 52340U 22045K   24101.22048899  .00000715  00000+0  63010-4 0  9993
2 52340  53.2172  94.6684 0001440  93.3328 266.7829 15.08843836110323
STARLINK-5453
1 54773U 22175R   24100.80969844  .00000682  00000+0  60949-4 0  9995
2 54773  53.2197 301.3928 0001420  91.8965 268.2190 15.08841476 74414
FALCON 9 DEB
1 48608U 21041BH  24101.25125199  .00004696  00000+0  36992-3 0  9992
2 48608  53.0317  91.1505 0010353 237.1937 122.8053 15.02478089158977
STARLINK-3109
1 49143U 21082P   24101.43365736 -.00001440  00000+0 -11292-3 0  9997
2 49143  69.9996 235.0061 0002971 272.2209  87.8610 14.98323602141870
STARLINK-3901
1 52574U 22051AQ  24100.79729266  .00001588  00000+0  11784-3 0  9993
2 52574  53.2209  16.5769 0001842 104.7702 255.3494 15.08839447106071
STARLINK-2330
1 47874U 21021Q   24101.39361868 -.00000998  00000+0 -48153-4 0  9990
2 47874  53.0540 111.3997 0001347  91.1277 268.9867 15.06389400171238
STARLINK-3866
1 52500U 22049BB  24100.95553098  .00000542  00000+0  52107-4 0  9999
2 52500  53.2158 295.8582 0001091  74.9291 285.1822 15.08837918107208
STARLINK-5543
1 56341U 23058AA  24101.46201023  .00001307  00000+0  10633-3 0  9999
2 56341  97.6542 103.2699 0001783  99.8337 260.3088 15.01267790 52880
STARLINK-30929
1 58386U 23178N   24101.14134326  .00001570  00000+0  69317-4 0  9995
2 58386  53.0934   4.8172 0001073 103.7608 256.3511 15.28024764 22921
STARLINK-4292
1 53175U 22083AV  24101.18782260 -.00002349  00000+0 -12951-3 0  9998
2 53175  53.2184  69.8116 0001519  97.7291 262.3874 15.08852897 96402
STARLINK-4451
1 53492U 22099AD  24101.23857812  .00000511  00000+0  44418-4 0  9990
2 53492  97.6545 223.0492 0004485 242.2437 117.8333 15.01265964 91430
STARLINK-3106
1 49164U 21082AL  24101.39609671  .00000607  00000+0  58644-4 0  9999
2 49164  70.0032 235.1047 0003094 273.2820  86.7985 14.98336350143047
STARLINK-30812
1 58168U 23166U   24101.58335648 -.00207872  00000+0 -76769-2 0  9990
2 58168  53.1180 220.5759 0001236  74.4452 186.7897 15.28134584 26168
STARLINK-30600
1 58100U 23161D   24101.47623935  .00012022  00000+0  44587-3 0  9991
2 58100  53.1088 167.2046 0001424  96.1781 263.9380 15.28028879 27415
STARLINK-3264
1 50198U 21125AU  24101.50752559  .00000138  00000+0  26738-4 0  9991
2 50198  53.2160 133.3778 0001428  88.8557 271.2599 15.08844374130856
STARLINK-3375
1 51114U 22005L   24101.40357959  .00000617  00000+0  56888-4 0  9993
2 51114  53.2186 183.8507 0002192  94.2209 265.9034 15.08838361124572
STARLINK-31601
1 59209U 24046J   24101.25001157  .00001006  00000+0  31913-4 0  9997
2 59209  53.1593 173.1849 0000870  86.8096 250.5829 15.42834868  5744
STARLINK-5412
1 54806U 22175BA  24101.50840075  .00000989  00000+0  80253-4 0  9994
2 54806  53.2157 282.9727 0001955  76.6026 283.5184 15.08845608 72579
STARLINK-3750
1 52311U 22041BC  24101.39253626  .00000401  00000+0  43310-4 0  9994
2 52311  53.2177 343.9022 0001499  82.9463 277.1700 15.08838915110449
STARLINK-2719
1 48677U 21044AR  24101.43367178  .00001280  00000+0  10480-3 0  9996
2 48677  53.0572   6.1968 0001719  80.1960 279.9223 15.06409718159446
STARLINK-5076
1 55401U 23014L   24101.15791585 -.00000278  00000+0 -15530-4 0  9990
2 55401  70.0013  25.6440 0002674 273.2406  86.8447 14.98324473 66488
STARLINK-5847
1 57048U 23088A   24101.26057311  .00001193  00000+0  10340-3 0  9992
2 57048  43.0057 302.9098 0001271 268.4679  91.6018 15.02537343 44409
STARLINK-5617
1 55753U 23028N   24101.53151317 -.00000074  00000+0  15665-5 0  9993
2 55753  70.0011 204.7296 0003012 269.2292  90.8521 14.98334541 61468
STARLINK-6073
1 56807U 23078AS  24100.95229141 -.00000026  00000+0  55736-5 0  9995
2 56807  69.9987 286.0465 0002661 273.1045  86.9809 14.98329737 48773
STARLINK-30188
1 57432U 23105C   24101.12428589  .00001095  00000+0  96120-4 0  9995
2 57432  43.0040  97.8506 0000801 275.9370  84.1381 15.02534192 40440
STARLINK-30088
1 57462U 23107F   24101.54806509  .00007399  00000+0  56221-3 0  9998
2 57462  43.0027 172.5668 0001348 273.7552  86.3137 15.02537166 40079
STARLINK-4430
1 53485U 22099W   24101.57925340  .00001151  00000+0  94138-4 0  9996
2 53485  97.6544 223.3816 0000966 244.6433 115.4691 15.01266400 91488
STARLINK-5611
1 55761U 23028W   24101.48122843  .00000378  00000+0  39487-4 0  9991
2 55761  70.0007 185.0752 0003019 270.1509  89.9304 14.98333552 61941
STARLINK-31557
1 59357U 24060K   24101.58335648 -.01035657  00000+0 -63024-2 0  9996
2 59357  43.0009 283.5699 0001499 261.4539  15.3654 15.78840841  2813
STARLINK-3242
1 49727U 21115D   24100.59857195  .00000815  00000+0  69271-4 0  9997
2 49727  53.2172  57.4619 0001458  91.1280 268.9879 15.08842454130972
STARLINK-2402
1 47819U 21018AJ  24101.11485160  .00006677  00000+0  46663-3 0  9998
2 47819  53.0525 147.6326 0001308  89.0066 271.1072 15.06409338170974
STARLINK-1837
1 47128U 20088G   24101.23098097  .00009948  00000+0  68527-3 0  9996
2 47128  53.0541 177.1212 0000858  85.1983 274.9103 15.06429336187144
STARLINK-3684
1 52124U 22029AN  24100.94817694  .00000435  00000+0  45447-4 0  9993
2 52124  53.2203 335.8944 0001470  94.3224 265.7936 15.08834779115303
STARLINK-3560
1 51859U 22022H   24100.88933656  .00000035  00000+0  20329-4 0  9998
2 51859  53.2210 266.1652 0001921  87.9918 272.1294 15.08834074117664
STARLINK-2741
1 48684U 21044AY  24101.39826900  .00004728  00000+0  33593-3 0  9992
2 48684  53.0553 341.7247 0001091  91.4007 268.7107 15.06416750159846
STARLINK-4688
1 53714U 22107Q   24101.22874223  .00000258  00000+0  34289-4 0  9994
2 53714  53.2188 124.4128 0001757 104.7532 255.3655 15.08835883 88874
STARLINK-2728
1 48478U 21040BC  24101.23926116  .00000462  00000+0  49931-4 0  9997
2 48478  53.0535  87.0806 0001365  84.7050 275.4095 15.06401481161822
STARLINK-4096
1 53160U 22083AE  24100.88699016  .00000915  00000+0  75555-4 0  9999
2 53160  53.2194  61.1644 0001637  95.7403 264.3776 15.08841578 95868
STARLINK-3283
1 50179U 21125Z   24101.52132569  .00000355  00000+0  40421-4 0  9991
2 50179  53.2160 143.3188 0001543  90.9253 269.1916 15.08847407130710
STARLINK-3145
1 49455U 21104AZ  24101.22601638  .00002406  00000+0  16923-3 0  9996
2 49455  53.2170 114.6466 0001639  90.5269 269.5911 15.08835668134400
STARLINK-5426
1 54802U 22175AW  24101.43111613 -.00001431  00000+0 -71846-4 0  9994
2 54802  53.2183 243.1829 0001504  95.5024 264.6140 15.08827500 73129
STARLINK-30341
1 57714U 23129S   24100.90675385  .00005864  00000+0  44889-3 0  9999
2 57714  43.0031 316.9107 0001093 267.4388  92.6329 15.02529914 35541
STARLINK-1728
1 46582U 20070BC  24101.17061507  .00000826  00000+0  74321-4 0  9995
2 46582  53.0561  52.3886 0001433  98.0132 262.1020 15.06404966194506
STARLINK-5965
1 56915U 23083AR  24101.17827135  .00000906  00000+0  82117-4 0  9991
2 56915  43.0016 264.5088 0001140 270.3226  89.7485 15.02535237 45949
STARLINK-1604
1 46122U 20057F   24100.48135492  .00008078  00000+0  56058-3 0  9991
2 46122  53.0529 175.4845 0001314  72.7217 287.3916 15.06398642202497
STARLINK-31608
1 59397U 24062X   24101.25001157 -.01345334  00000+0 -81043-2 0  9998
2 59397  53.1653 277.2337 0000504  72.0709 259.0236 15.79547728  2287
STARLINK-5609
1 55348U 23013T   24101.10236339  .00001153  00000+0  10041-3 0  9997
2 55348  43.0021 136.2684 0001096 276.7967  83.2750 15.02534516 67052
STARLINK-2332
1 47876U 21021S   24101.43094463  .00011346  00000+0  77889-3 0  9995
2 47876  53.0525 166.2231 0001180 106.8014 253.3105 15.06423558170472
STARLINK-5719
1 55609U 23020AS  24100.65476506  .00002523  00000+0  20180-3 0  9993
2 55609  43.0042 190.2557 0001571 264.7314  95.3349 15.02536588 63915
STARLINK-31528
1 59010U 24036N   24101.37034208  .00002104  00000+0  88559-4 0  9990
2 59010  53.1587  80.6097 0001479 106.5011 253.6151 15.28033133  8449
STARLINK-1559
1 46077U 20055BC  24101.39362345  .00003729  00000+0  26913-3 0  9993
2 46077  53.0564 351.3922 0000717 130.8265 229.2786 15.06391010203528
STARLINK-1240
1 45194U 20012S   24101.26184726 -.00000058  00000+0  15003-4 0  9998
2 45194  53.0560 301.9816 0001432  94.0703 266.0449 15.06387800228635
STARLINK-5834
1 57071U 23088Z   24100.99936125  .00000485  00000+0  50960-4 0  9992
2 57071  43.0033 291.3809 0001342 268.4337  91.6352 15.02533230 44211
STARLINK-3857
1 52494U 22049AV  24100.84421061  .00001088  00000+0  86467-4 0  9995
2 52494  53.2185 306.3606 0001767  93.2346 266.8848 15.08840278106891
STARLINK-30504
1 57980U 23151S   24100.93008478  .00029776  00000+0  19693-2 0  9997
2 57980  43.0042 187.4050 0005844  11.4924 348.6052 15.06835484 30477
STARLINK-5554
1 56338U 23058X   24100.93249236 -.00000384  00000+0 -25292-4 0  9998
2 56338  97.6550 102.7405 0003078  79.4395 280.7176 15.01255426 53294
STARLINK-30131
1 56833U 23079L   24101.55575281 -.00000845  00000+0 -47489-4 0  9996
2 56833  43.0018 274.8613 0001347 268.6669  91.4019 15.02537533 47843
STARLINK-6288
1 56398U 23061AA  24100.82345869 -.00000065  00000+0  10250-4 0  9998
2 56398  43.0059  22.2043 0001150 278.2825  81.7887 15.02531420 51770
STARLINK-6173
1 56385U 23061M   24101.18765820  .00000123  00000+0  24195-4 0  9994
2 56385  43.0042  32.7711 0001046 271.6489  88.4233 15.02528587 51974
STARLINK-30214
1 57411U 23102H   24101.22417758  .00001034  00000+0  91552-4 0  9993
2 57411  43.0043  83.7523 0001057 276.9886  83.0837 15.02555291 41167
STARLINK-30336
1 57703U 23129F   24101.56164860 -.00003133  00000+0 -21696-3 0  9991
2 57703  43.0049 314.0876 0001322 282.8059  77.2636 15.02530925 35332
STARLINK-3538
1 51996U 22025AS  24100.89480967  .00001941  00000+0  14000-3 0  9991
2 51996  53.2152 276.1320 0001456  92.6210 267.4949 15.08843858115421
STARLINK-30766
1 58125U 23162H   24101.02616953  .00003660  00000+0  28584-3 0  9999
2 58125  43.0033 329.3636 0001609 261.0963  98.9697 15.02538640 27204
STARLINK-2119
1 47397U 21005BA  24100.97848843  .00000742  00000+0  68706-4 0  9999
2 47397  53.0574 318.2539 0001607  94.4259 265.6914 15.06407027177734
STARLINK-5695
1 55485U 23015AN  24101.21346907  .00004096  00000+0  31822-3 0  9995
2 55485  43.0054 174.4212 0001530 258.6876 101.3795 15.02523476 65357
STARLINK-3326
1 50844U 22001AT  24101.22966411  .00003819  00000+0  25771-3 0  9990
2 50844  53.2174  74.6288 0001568  94.7447 265.3724 15.08864573126101
STARLINK-1512
1 45785U 20038BH  24101.22959349  .00001154  00000+0  96362-4 0  9993
2 45785  53.0544  92.1231 0001348  87.8706 272.2437 15.06399083212402
STARLINK-4652
1 53736U 22107AN  24100.87505470  .00003404  00000+0  23184-3 0  9990
2 53736  53.2165 151.4083 0001334  93.7289 266.3855 15.08846962 89088
STARLINK-30595
1 58111U 23161Q   24101.42944938  .00030985  00000+0  11258-2 0  9993
2 58111  53.1162 166.9237 0001390  87.1663 272.9495 15.28043539 27416
STARLINK-5123
1 53979U 22125R   24101.19656700  .00000014  00000+0  18962-4 0  9991
2 53979  53.2164 114.7720 0001356  88.3205 271.7942 15.08843940 84016
STARLINK-5313
1 55313U 23010AW  24101.06125232 -.00000206  00000+0 -94722-5 0  9990
2 55313  69.9988 325.9811 0002955 270.5760  89.5060 14.98331525 68806
STARLINK-5921
1 55926U 23037N   24100.82249893  .00000583  00000+0  56618-4 0  9999
2 55926  70.0017 246.6671 0003114 271.2587  88.8215 14.98330859 59294
STARLINK-5764
1 55602U 23020AK  24101.53339690  .00000961  00000+0  86171-4 0  9993
2 55602  43.0042 185.6499 0001219 274.0276  86.0427 15.02541245 64046
STARLINK-5841
1 56493U 23064AX  24101.26678659  .00007459  00000+0  63276-3 0  9990
2 56493  70.0010  45.2221 0002648 273.1357  86.9499 14.98300470 52470
STARLINK-4349
1 53044U 22077B   24100.78899805  .00000774  00000+0  64851-4 0  9990
2 53044  97.6571 282.6138 0001786  91.6500 268.4929 15.01262191 96065
